{
 "cells": [
  {
   "cell_type": "code",
   "execution_count": 15,
   "metadata": {
    "collapsed": true
   },
   "outputs": [],
   "source": [
    "#BUILD PCA"
   ]
  },
  {
   "cell_type": "code",
   "execution_count": 16,
   "metadata": {
    "collapsed": false
   },
   "outputs": [],
   "source": [
    "#why? \n",
    "#1 - Space efficiency\n",
    "#2 - Computing efficiency\n",
    "#3 - Visualization"
   ]
  },
  {
   "cell_type": "code",
   "execution_count": 17,
   "metadata": {
    "collapsed": false
   },
   "outputs": [],
   "source": [
    "import numpy as np\n",
    "np.random.seed(1)"
   ]
  },
  {
   "cell_type": "code",
   "execution_count": 18,
   "metadata": {
    "collapsed": false
   },
   "outputs": [
    {
     "name": "stdout",
     "output_type": "stream",
     "text": [
      "[[ 1.62434536 -0.61175641 -0.52817175]\n",
      " [-1.07296862  0.86540763 -2.3015387 ]\n",
      " [ 1.74481176 -0.7612069   0.3190391 ]\n",
      " [-0.24937038  1.46210794 -2.06014071]\n",
      " [-0.3224172  -0.38405435  1.13376944]\n",
      " [-1.09989127 -0.17242821 -0.87785842]\n",
      " [ 0.04221375  0.58281521 -1.10061918]\n",
      " [ 1.14472371  0.90159072  0.50249434]\n",
      " [ 0.90085595 -0.68372786 -0.12289023]\n",
      " [-0.93576943 -0.26788808  0.53035547]\n",
      " [-0.69166075 -0.39675353 -0.6871727 ]\n",
      " [-0.84520564 -0.67124613 -0.0126646 ]\n",
      " [-1.11731035  0.2344157   1.65980218]\n",
      " [ 0.74204416 -0.19183555 -0.88762896]\n",
      " [-0.74715829  1.6924546   0.05080775]\n",
      " [-0.63699565  0.19091548  2.10025514]\n",
      " [ 0.12015895  0.61720311  0.30017032]\n",
      " [-0.35224985 -1.1425182  -0.34934272]\n",
      " [-0.20889423  0.58662319  0.83898341]\n",
      " [ 0.93110208  0.28558733  0.88514116]]\n",
      "(20, 3)\n"
     ]
    }
   ],
   "source": [
    "# 1 - Create our dataset\n",
    "\n",
    "mu_vec1 = np.array([0,0,0]) #sample mean\n",
    "cov_mat1 = np.array([[1,0,0],[0,1,0],[0,0,1]])\n",
    "\n",
    "class1_sample = np.random.multivariate_normal(mu_vec1, cov_mat1, 20) #creates a gaussian normal distribution in 3D\n",
    "print class1_sample #See https://i.stack.imgur.com/Tz6TC.png\n",
    "print class1_sample.shape\n",
    "\n",
    "class1_sample = class1_sample.T"
   ]
  },
  {
   "cell_type": "code",
   "execution_count": 19,
   "metadata": {
    "collapsed": false
   },
   "outputs": [
    {
     "name": "stdout",
     "output_type": "stream",
     "text": [
      "[[ 0.24560206  2.25286816  1.51292982]\n",
      " [ 0.70190716  1.48851815  0.92442829]\n",
      " [ 2.13162939  2.51981682  3.18557541]\n",
      " [-0.39649634 -0.44411381  0.49553414]\n",
      " [ 1.16003707  1.87616892  1.31563495]\n",
      " [-1.02220122  0.69379599  1.82797464]\n",
      " [ 1.23009474  1.76201118  0.77767186]\n",
      " [ 0.79924193  1.18656139  1.41005165]\n",
      " [ 1.19829972  1.11900865  0.32933771]\n",
      " [ 1.37756379  1.12182127  2.12948391]\n",
      " [ 2.19891788  1.18515642  0.62471505]\n",
      " [ 0.36126959  1.42349435  1.07734007]\n",
      " [ 0.65614632  1.04359686  0.37999916]\n",
      " [ 1.69803203  0.55287144  2.2245077 ]\n",
      " [ 1.40349164  1.59357852 -0.09491185]\n",
      " [ 1.16938243  1.74055645  0.0462994 ]\n",
      " [ 0.73378149  1.03261455 -0.37311732]\n",
      " [ 1.31515939  1.84616065  0.14048406]\n",
      " [ 1.35054598 -0.31228341  0.96130449]\n",
      " [-0.61577235  2.12141771  1.40890054]]\n",
      "(20, 3)\n"
     ]
    }
   ],
   "source": [
    "mu_vec2 = np.array([1,1,1]) #sample mean is going to be different this time\n",
    "cov_mat2 = np.array([[1,0,0],[0,1,0],[0,0,1]])\n",
    "\n",
    "class2_sample = np.random.multivariate_normal(mu_vec2, cov_mat2, 20) #creates a gaussian normal distribution in 3D\n",
    "print class2_sample #See https://i.stack.imgur.com/Tz6TC.png\n",
    "print class2_sample.shape\n",
    "\n",
    "class2_sample = class2_sample.T"
   ]
  },
  {
   "cell_type": "code",
   "execution_count": 23,
   "metadata": {
    "collapsed": false
   },
   "outputs": [
    {
     "name": "stdout",
     "output_type": "stream",
     "text": [
      "Class1:\n",
      "[[ 1.62434536 -1.07296862  1.74481176 -0.24937038 -0.3224172  -1.09989127\n",
      "   0.04221375  1.14472371  0.90085595 -0.93576943 -0.69166075 -0.84520564\n",
      "  -1.11731035  0.74204416 -0.74715829 -0.63699565  0.12015895 -0.35224985\n",
      "  -0.20889423  0.93110208]\n",
      " [-0.61175641  0.86540763 -0.7612069   1.46210794 -0.38405435 -0.17242821\n",
      "   0.58281521  0.90159072 -0.68372786 -0.26788808 -0.39675353 -0.67124613\n",
      "   0.2344157  -0.19183555  1.6924546   0.19091548  0.61720311 -1.1425182\n",
      "   0.58662319  0.28558733]\n",
      " [-0.52817175 -2.3015387   0.3190391  -2.06014071  1.13376944 -0.87785842\n",
      "  -1.10061918  0.50249434 -0.12289023  0.53035547 -0.6871727  -0.0126646\n",
      "   1.65980218 -0.88762896  0.05080775  2.10025514  0.30017032 -0.34934272\n",
      "   0.83898341  0.88514116]]\n",
      "Class2:\n",
      "[[ 0.24560206  0.70190716  2.13162939 -0.39649634  1.16003707 -1.02220122\n",
      "   1.23009474  0.79924193  1.19829972  1.37756379  2.19891788  0.36126959\n",
      "   0.65614632  1.69803203  1.40349164  1.16938243  0.73378149  1.31515939\n",
      "   1.35054598 -0.61577235]\n",
      " [ 2.25286816  1.48851815  2.51981682 -0.44411381  1.87616892  0.69379599\n",
      "   1.76201118  1.18656139  1.11900865  1.12182127  1.18515642  1.42349435\n",
      "   1.04359686  0.55287144  1.59357852  1.74055645  1.03261455  1.84616065\n",
      "  -0.31228341  2.12141771]\n",
      " [ 1.51292982  0.92442829  3.18557541  0.49553414  1.31563495  1.82797464\n",
      "   0.77767186  1.41005165  0.32933771  2.12948391  0.62471505  1.07734007\n",
      "   0.37999916  2.2245077  -0.09491185  0.0462994  -0.37311732  0.14048406\n",
      "   0.96130449  1.40890054]]\n",
      "Together:\n",
      "[[ 1.62434536 -1.07296862  1.74481176 -0.24937038 -0.3224172  -1.09989127\n",
      "   0.04221375  1.14472371  0.90085595 -0.93576943 -0.69166075 -0.84520564\n",
      "  -1.11731035  0.74204416 -0.74715829 -0.63699565  0.12015895 -0.35224985\n",
      "  -0.20889423  0.93110208  0.24560206  0.70190716  2.13162939 -0.39649634\n",
      "   1.16003707 -1.02220122  1.23009474  0.79924193  1.19829972  1.37756379\n",
      "   2.19891788  0.36126959  0.65614632  1.69803203  1.40349164  1.16938243\n",
      "   0.73378149  1.31515939  1.35054598 -0.61577235]\n",
      " [-0.61175641  0.86540763 -0.7612069   1.46210794 -0.38405435 -0.17242821\n",
      "   0.58281521  0.90159072 -0.68372786 -0.26788808 -0.39675353 -0.67124613\n",
      "   0.2344157  -0.19183555  1.6924546   0.19091548  0.61720311 -1.1425182\n",
      "   0.58662319  0.28558733  2.25286816  1.48851815  2.51981682 -0.44411381\n",
      "   1.87616892  0.69379599  1.76201118  1.18656139  1.11900865  1.12182127\n",
      "   1.18515642  1.42349435  1.04359686  0.55287144  1.59357852  1.74055645\n",
      "   1.03261455  1.84616065 -0.31228341  2.12141771]\n",
      " [-0.52817175 -2.3015387   0.3190391  -2.06014071  1.13376944 -0.87785842\n",
      "  -1.10061918  0.50249434 -0.12289023  0.53035547 -0.6871727  -0.0126646\n",
      "   1.65980218 -0.88762896  0.05080775  2.10025514  0.30017032 -0.34934272\n",
      "   0.83898341  0.88514116  1.51292982  0.92442829  3.18557541  0.49553414\n",
      "   1.31563495  1.82797464  0.77767186  1.41005165  0.32933771  2.12948391\n",
      "   0.62471505  1.07734007  0.37999916  2.2245077  -0.09491185  0.0462994\n",
      "  -0.37311732  0.14048406  0.96130449  1.40890054]]\n",
      "(3, 40)\n"
     ]
    }
   ],
   "source": [
    "#3 - merge data into one big dataset\n",
    "\n",
    "all_samples = np.concatenate((class1_sample, class2_sample), axis=1) #Column concatenation\n",
    "print('Class1:')\n",
    "print(class1_sample)\n",
    "print('Class2:')\n",
    "print(class2_sample)\n",
    "print('Together:')\n",
    "print(all_samples)\n",
    "print(all_samples.shape)"
   ]
  },
  {
   "cell_type": "code",
   "execution_count": 24,
   "metadata": {
    "collapsed": false
   },
   "outputs": [
    {
     "data": {
      "text/plain": [
       "array([[ 1.62434536, -0.61175641, -0.52817175],\n",
       "       [-1.07296862,  0.86540763, -2.3015387 ],\n",
       "       [ 1.74481176, -0.7612069 ,  0.3190391 ],\n",
       "       [-0.24937038,  1.46210794, -2.06014071],\n",
       "       [-0.3224172 , -0.38405435,  1.13376944],\n",
       "       [-1.09989127, -0.17242821, -0.87785842],\n",
       "       [ 0.04221375,  0.58281521, -1.10061918],\n",
       "       [ 1.14472371,  0.90159072,  0.50249434],\n",
       "       [ 0.90085595, -0.68372786, -0.12289023],\n",
       "       [-0.93576943, -0.26788808,  0.53035547],\n",
       "       [-0.69166075, -0.39675353, -0.6871727 ],\n",
       "       [-0.84520564, -0.67124613, -0.0126646 ],\n",
       "       [-1.11731035,  0.2344157 ,  1.65980218],\n",
       "       [ 0.74204416, -0.19183555, -0.88762896],\n",
       "       [-0.74715829,  1.6924546 ,  0.05080775],\n",
       "       [-0.63699565,  0.19091548,  2.10025514],\n",
       "       [ 0.12015895,  0.61720311,  0.30017032],\n",
       "       [-0.35224985, -1.1425182 , -0.34934272],\n",
       "       [-0.20889423,  0.58662319,  0.83898341],\n",
       "       [ 0.93110208,  0.28558733,  0.88514116],\n",
       "       [ 0.24560206,  2.25286816,  1.51292982],\n",
       "       [ 0.70190716,  1.48851815,  0.92442829],\n",
       "       [ 2.13162939,  2.51981682,  3.18557541],\n",
       "       [-0.39649634, -0.44411381,  0.49553414],\n",
       "       [ 1.16003707,  1.87616892,  1.31563495],\n",
       "       [-1.02220122,  0.69379599,  1.82797464],\n",
       "       [ 1.23009474,  1.76201118,  0.77767186],\n",
       "       [ 0.79924193,  1.18656139,  1.41005165],\n",
       "       [ 1.19829972,  1.11900865,  0.32933771],\n",
       "       [ 1.37756379,  1.12182127,  2.12948391],\n",
       "       [ 2.19891788,  1.18515642,  0.62471505],\n",
       "       [ 0.36126959,  1.42349435,  1.07734007],\n",
       "       [ 0.65614632,  1.04359686,  0.37999916],\n",
       "       [ 1.69803203,  0.55287144,  2.2245077 ],\n",
       "       [ 1.40349164,  1.59357852, -0.09491185],\n",
       "       [ 1.16938243,  1.74055645,  0.0462994 ],\n",
       "       [ 0.73378149,  1.03261455, -0.37311732],\n",
       "       [ 1.31515939,  1.84616065,  0.14048406],\n",
       "       [ 1.35054598, -0.31228341,  0.96130449],\n",
       "       [-0.61577235,  2.12141771,  1.40890054]])"
      ]
     },
     "execution_count": 24,
     "metadata": {},
     "output_type": "execute_result"
    }
   ],
   "source": [
    "all_samples.T"
   ]
  },
  {
   "cell_type": "code",
   "execution_count": 41,
   "metadata": {
    "collapsed": false
   },
   "outputs": [
    {
     "name": "stdout",
     "output_type": "stream",
     "text": [
      "(3,)\n",
      "(3, 1)\n"
     ]
    }
   ],
   "source": [
    "# 4 - Compute dimensional mean vector in order to achieve the covariance matrix\n",
    "#mean for each feature (we have 3 features)\n",
    "mean_vector = np.mean(all_samples, axis=1)\n",
    "mean_x = mean_vector[0] #also by doing mean_x = np.mean(all_samples[0,:])\n",
    "mean_y = mean_vector[1]\n",
    "mean_z = mean_vector[2]\n",
    "print(mean_vector.shape)\n",
    "mean_vector = np.array([[mean_x], [mean_y], [mean_z]]) #tranformed from (3,) to (3,1)\n",
    "mean_vector\n",
    "print(mean_vector.shape)"
   ]
  },
  {
   "cell_type": "code",
   "execution_count": 72,
   "metadata": {
    "collapsed": false
   },
   "outputs": [
    {
     "name": "stdout",
     "output_type": "stream",
     "text": [
      "The covariance matrix\n",
      "[[ 0.9868668   0.26943262  0.2855759 ]\n",
      " [ 0.26943262  0.92914135  0.30682016]\n",
      " [ 0.2855759   0.30682016  1.27528118]]\n",
      "[[ 0.9868668   0.26943262  0.2855759 ]\n",
      " [ 0.26943262  0.92914135  0.30682016]\n",
      " [ 0.2855759   0.30682016  1.27528118]]\n"
     ]
    }
   ],
   "source": [
    "# 5 - Compute covariance matrix. It models the relationships between all the different features. \n",
    "#Is the degree by which two different random variables changes with respect to each other.\n",
    "#Equation here http://stats.seandolinar.com/making-a-covariance-matrix-in-r/\n",
    "cov_mat = np.zeros((3,3))\n",
    "\n",
    "for i in range((all_samples.shape[1])):\n",
    "    cov_mat += (all_samples[:,i].reshape(3,1) - mean_vector).dot((all_samples[:,i].reshape(3,1) - mean_vector).T)\n",
    "\n",
    "cov_mat *= 1./(all_samples.shape[1]-1.)\n",
    "\n",
    "\n",
    "print('The covariance matrix')\n",
    "print(cov_mat)\n",
    "\n",
    "#In just one line:\n",
    "#new_cov = np.cov(all_samples)\n",
    "#print(new_cov)\n"
   ]
  },
  {
   "cell_type": "code",
   "execution_count": 56,
   "metadata": {
    "collapsed": false
   },
   "outputs": [
    {
     "name": "stdout",
     "output_type": "stream",
     "text": [
      "Eigenvectors\n",
      "[[-0.49210223 -0.64670286  0.58276136]\n",
      " [-0.47927902 -0.35756937 -0.8015209 ]\n",
      " [-0.72672348  0.67373552  0.13399043]]\n",
      "Eigenvalues\n",
      "[ 1.67100943  0.83832597  0.68195393]\n"
     ]
    }
   ],
   "source": [
    "# 6 - Compute eigenvector and eigenvalues\n",
    "eig_val, eig_vect = np.linalg.eig(cov_mat)\n",
    "\n",
    "print('Eigenvectors') #the direction of data. Is the optimal set of minimun data we need to recreate all the data with the most accuracy.\n",
    "print(eig_vect)\n",
    "\n",
    "print('Eigenvalues') #the values on that direction\n",
    "print(eig_val)"
   ]
  },
  {
   "cell_type": "code",
   "execution_count": 60,
   "metadata": {
    "collapsed": false
   },
   "outputs": [
    {
     "name": "stdout",
     "output_type": "stream",
     "text": [
      "1.67100943053\n",
      "0.838325973416\n",
      "0.68195393031\n"
     ]
    },
    {
     "data": {
      "text/plain": [
       "[(1.6710094305328693, array([-0.49210223, -0.47927902, -0.72672348])),\n",
       " (0.83832597341584492, array([-0.64670286, -0.35756937,  0.67373552])),\n",
       " (0.68195393031018148, array([ 0.58276136, -0.8015209 ,  0.13399043]))]"
      ]
     },
     "execution_count": 60,
     "metadata": {},
     "output_type": "execute_result"
    }
   ],
   "source": [
    "# 7 - Create eigen pair (combine those values) and sort them.\n",
    "# Make a list of (eigenvalue, eigenvector) tuples\n",
    "eig_pairs = [(np.abs(eig_val[i]), eig_vect[:,i])\n",
    "             for i in range(len(eig_val))] #we use the absolute to turn into positive, it doesnt matter the sign\n",
    "\n",
    "# Sort the (eigenvalue, eigenvector) tuples from high to low\n",
    "eig_pairs.sort()\n",
    "eig_pairs.reverse()\n",
    "\n",
    "# Visually confirm that the list is correctly sorted by decreasing eigenvalues\n",
    "for i in eig_pairs:\n",
    "    print(i[0])\n",
    "eig_pairs"
   ]
  },
  {
   "cell_type": "code",
   "execution_count": 63,
   "metadata": {
    "collapsed": false
   },
   "outputs": [
    {
     "name": "stdout",
     "output_type": "stream",
     "text": [
      "Matrix W:\n",
      "[[-0.49210223 -0.64670286]\n",
      " [-0.47927902 -0.35756937]\n",
      " [-0.72672348  0.67373552]]\n"
     ]
    }
   ],
   "source": [
    "# 8 - Choose the k eigenvector we want. The dimensionality we want.\n",
    "#k is 2 \n",
    "#hstack - stack arrays in sequence horizontally\n",
    "matrix_w = np.hstack((eig_pairs[0][1].reshape(3,1),\n",
    "                      eig_pairs[1][1].reshape(3,1)))\n",
    "print('Matrix W:')\n",
    "print(matrix_w)"
   ]
  },
  {
   "cell_type": "code",
   "execution_count": 67,
   "metadata": {
    "collapsed": false
   },
   "outputs": [
    {
     "name": "stdout",
     "output_type": "stream",
     "text": [
      "New 2D Dataset - feature matrix\n",
      "[[-0.12230714 -1.18757151]\n",
      " [ 1.78582073 -1.16617976]\n",
      " [-0.72564846 -0.64124251]\n",
      " [ 0.91911067 -1.74952646]\n",
      " [-0.48120545  1.10969495]\n",
      " [ 1.26186049  0.18151348]\n",
      " [ 0.49974121 -0.97722286]\n",
      " [-1.36060904 -0.72412904]\n",
      " [-0.02630959 -0.42090149]\n",
      " [ 0.20346559  1.05827266]\n",
      " [ 1.02990798  0.12619324]\n",
      " [ 0.74684543  0.77808138]\n",
      " [-0.76873682  1.75701561]\n",
      " [ 0.37184198 -1.00931473]\n",
      " [-0.48040292 -0.08774954]\n",
      " [-1.30433953  1.75869787]\n",
      " [-0.57308381 -0.09616466]\n",
      " [ 0.9748035   0.4009659 ]\n",
      " [-0.78806782  0.49058694]\n",
      " [-1.23832629 -0.10791262]\n",
      " [-2.30009539  0.05492635]\n",
      " [-1.73062935 -0.3633537 ]\n",
      " [-4.57170736 -0.13330484]\n",
      " [ 0.04785487  0.74907576]\n",
      " [-2.42616804 -0.53466984]\n",
      " [-1.15792646  1.6445517 ]\n",
      " [-2.01497976 -0.90160187]\n",
      " [-1.98672036  0.00885182]\n",
      " [-1.36534078 -0.95318056]\n",
      " [-2.76311357  0.14270558]\n",
      " [-2.1041081  -1.4249294 ]\n",
      " [-1.64296088 -0.01678979]\n",
      " [-1.09921946 -0.54147105]\n",
      " [-2.71718701  0.20291779]\n",
      " [-1.38545546 -1.54140242]\n",
      " [-1.44331476 -1.3474191 ]\n",
      " [-0.58485289 -1.09515232]\n",
      " [-1.63411201 -1.41599875]\n",
      " [-1.21353834 -0.11407398]\n",
      " [-1.73760916  0.58889408]]\n"
     ]
    }
   ],
   "source": [
    "# 9 - Use d x k to transform samples to new subspace\n",
    "#dot product between orignal matrix and eigen pairs\n",
    "transformed = matrix_w.T.dot(all_samples)\n",
    "assert transformed.shape == (2,40), \"The matrix is not 2x40 dimensional.\"\n",
    "print(\"New 2D Dataset - feature matrix\")\n",
    "print(transformed.T)"
   ]
  },
  {
   "cell_type": "code",
   "execution_count": 68,
   "metadata": {
    "collapsed": false
   },
   "outputs": [
    {
     "data": {
      "image/png": "iVBORw0KGgoAAAANSUhEUgAAAYUAAAEXCAYAAABCjVgAAAAABHNCSVQICAgIfAhkiAAAAAlwSFlz\nAAALEgAACxIB0t1+/AAAIABJREFUeJzt3Xt8XHWd//HXp0nbpFdom5baACkWMaU3NdBCl3Kx8mMR\n5begLiC4XXTxp/KTKuIF9ieKPOoNNeyCi4C6Cl0uZVdFpCLSpaysdXuB0qtcSqApbU16p0khST+/\nP87J6WSYJDOZmZyZzPv5eMyjmZkz53zmzHQ+53y/3/P5mrsjIiICMCjuAEREpHAoKYiISERJQURE\nIkoKIiISUVIQEZGIkoKIiESUFAQzO8PMXjSz183sgrjjSWRmU8ysoMdNm9m9Zva1mLb9OzP7aA/P\n5yS2/nyPmXzmZjbfzBr6uJ0+v3YgU1KISfgD3Hk7bGatCfe7/U+eJzcDP3D3Ee7+SD9vW7Lg7ue6\n+2IAM/uEmT0Zc0hS5MrjDqBUufuIzr/Do5VPuPvvu1vezMrdvT1P4RwPbOjLC/Mcl4j0M50pFCgz\nu9nMHjCz+8zsAHC5mZ1mZivMbK+ZbTezfzKzweHy5WbmZvbJsCloj5n9U8L63mFmT5nZPjNrNrN/\nCx9vAI4DloZnKWVmVm1mj5jZbjN7wcyu7CWum83s/vCx181srZm93cz+0cyazOxVM5ufsI6jzOyn\n4XtoNLObzGxQ+FyZmf3AzHaZ2RbgvF720/Vm9pqZ7TezzWZ2Vvh4OvvqU2b2kpkdMLMbzezE8DX7\nw/fSufx8M2sws6+Gcb1sZpf0ENMHw32w18z+YGbTeos36fUnhtux8P5Pzey1hOfvM7Orw7//YGYL\nzGw6cBtwRvgZNCescoyZLQ3f5x/NbHIPsc8L98E+M9tqZlekWGasmT0afrZ7zOzXZjYp4fmPh/vr\ngJlt6dxX3X0He2PBGdCmcH0vmdknUiyT8rMxswoz+374Xnaa2Q/NrKKb7fT62ZQEd9ct5hvQAMxP\neuxm4E3gAwTJuxI4BZhNcIZ3AvA8cHW4fDngwK+A0UANsLtzvcAS4EvhuiqAuQnbagTOSrj/NPDP\n4XLvBpqBM3uI62agFZgfxvFvwMvAl8P7nwJeSFj/r4EfAsOACcBq4OPhc1cTnLVUA2OBp4Kvacr9\ndjLwCnBMeH8ycEL4dzr76j+AkcCM8D09Hu63o4HNwEfD5ecD7cB3gaHAOUALMCV8/l7gawnb3Rn+\nWwZcCbwEDOkp3hTv7TVgZvj3S8AW4MSE56aHf/8BWBD+/QngyaT13Bt+fnXAYOAB4N5utjkZeB34\nSLiPxgGzUrzHKuBvws9+VLgfHwqfGwXsS4h1IjC1t+9gUhxTEj9zgu/aCYCF+74VmJHmZ/PPwC/C\nz3QU8CjwjYTXNvT2XSq1m84UCtsf3P3X7n7Y3VvdfaW7/8nd2919C3AncGbSa77p7vvcvQF4EpgV\nPt5G8IM30d0PufvTqTYYHkWeCnw5XG4N8FMg8YixS1zhY0+6++89aEpaAowBvhPevx+YYmYjwiPK\n+cDn3L3F3XcC9UDn0d1HCPo3Gt19F/CtHvZPO8GPy8kWNGO9HO4X0txX33b3A+7+HLAJ+K27N7j7\nHuAx4F0Jyx4GbnT3N9x9GfBb4MMpYroK+GG4/Q53/0n4+Ck9xZvCcuBMM6sGDgG/DO+fSJBg1vew\nX5I95O6r3L0NWMyR70Syy4Gl7v5guN+a3f3Z5IXcvcndfxF+J/cDi+i6bx2YZmYV7r7d3TeGj6f1\nHUyxvV+7+xYPLAOeAM5IWCTlZxOeff4DsNDd94SxfpMj37VEmXw2A5qSQmHbmnjHzN5pZr8xsx1m\nth+4ieBoLtGOhL9bgM6+i2sJjhRXmdk6M/u7brb5NqDZ3Q8mPPYKMCnh/lbeamfC361Ak7sfTrhP\nGMvxBEd0O8Pmlb3A7QRnDJ3bT1z/K93Eibv/OXxfNwF/CZtVjoG091VyzMn3RyTc3+XuLUlxvS1F\nWMcDX+p8b+H7mwhM6ineFJYDZwHzCM6WniT44T0T+C93z2REVnffiWTHEpyV9ChM7ndb0Cy4H1hG\nuG/DH95Lgc8AOyxohnxH+NJ0v4PJ27vAzP5kQXPmXuBcun6W3X02xxB819YmfBaPAOOTt5HhZzOg\nKSkUtuT/+D8iOEKc4u6jgK8SnFL3vqLgiO0T7j6R4D/snd20Lb8GjDOz4QmPHQds6yGuTGwl+GEa\n4+5HhbdR7j4jfH47wY9T4ra75e73uvtcgtP9MoIjQchiX3VjrJlVJsX1WorltgJfT3hvR7n7MHd/\nsJd4ky0nSAhnhn//F8HRcef9VLIdursVeHsay11HEP+p4b49p0sQ7kvdfT5BMnyR4LPI5DsYCff5\nQwT7aYK7HwX8jq6fZXefzU6CZsGTEj6L0e4+OtW2MvhsBjQlheIykqC99qCZ1QKfTPeFZvaRhM7A\nvQQ/IB3Jy7n7y8AqYJGZDTWzWcDfE7QpZ83dtxL8qN1iZqPMbJAF49LnhYs8CCw0s0lmNpagDbq7\n91RrZmeb2VCCI/tWgqYEyGJfdWMQ8DUzGxJ2QP41wY9VsruAz5jZKRYYYWYfMLPhvcTbhbtvIvh8\nLgGWh01ae4AL6T4p7ASqLewg74N7gfPM7GILOuPHmdnMFMuNJEjse8LP6KudT5jZxPD9DiP4QT5I\n+B7T/Q4mGUrQXNYEdFhwHc17k5ZJ+dm4ewdwN1BvZlXh51FtZucmbySTz2agU1IoLtcCfwccIDj6\neiCD184GVprZQYKOwc+4+6vdLPu3wIkEzQ4PAde7+5N9DTqFy4HhwEaCH7olBKf6AP9C0Ga8DlhJ\n6h/eTkOB7xB0pO4g6Ey8IXwum32VSiPBD9x24GcEQ4hfSF7I3VcQdKz/C8F7e57g/fYWbypPAX9x\n9+3h/eUEP1Rru1n+ceAFgqa5Hd0s063wgOADBIl4N7AGmJ5i0e8TDGbYBfw3sDThuTKCM4nt4fOn\nE5wVQGbfwc6Y9gKfI+gs3g18iKAJKFFPn821BM1J/0NwkPA7gu92skw/mwHLMmuaFCk9Fgynvdvd\na+KORSTfdKYgIiIRJQUREYmo+UhERCI6UxARkUjRFcQbN26c19TUxB2GiEhRWb16dbO7V/W2XNEl\nhZqaGlatWhV3GCIiRcXMuq0OkEjNRyIiElFSEBGRiJKCiIhEiq5PQUQkWVtbG42NjRw6dCjuUGJX\nUVFBdXU1gwf3rQSWkoKIFL3GxkZGjhxJTU0NZtkUwy1u7s6uXbtobGxk8uQeC9B2S81HIlL0Dh06\nxNixY0s6IQCYGWPHjs3qjElJQUQGhFJPCJ2y3Q9KCiIiElFSEJGS09bRxrqd61jesJx1O9fRfrg9\nL9v52te+xi233JKz9V155ZWMHz+eadOm5WydydTRLCIlZdv+bdSvqKeppSl6rGpYFQvnLGTSqEk9\nvDJ+CxYs4Oqrr+ZjH/tY3rahMwURKRltHW3Ur6intb2VmqNqoltreyv1K+qzPmP4+c9/zowZM5g5\ncyZXXHFFl+fuuusuTjnlFGbOnMnFF19MS0sLAEuWLGHatGnMnDmTefOCWWk3bNjAqaeeyqxZs5gx\nYwYvvBBMJDdv3jzGjBmTVYy9UVIQkZKxuXkzTS1NjBs2rsvj44aNo6mliU1Nm/q87g0bNnDzzTez\nbNky1q5dy6233trl+YsuuoiVK1eydu1aamtr+fGPfwzATTfdxGOPPcbatWt5+OGHAbjjjju45ppr\nePbZZ1m1ahXV1dV9jitTSgoiUjJ2t+7u8fk9h/b0ed3Lli3jwx/+MOPGBQkn+Yh+/fr1nHHGGUyf\nPp3FixezYcMGAObOncuCBQu466676OjoAOC0005j0aJFfPvb3+aVV16hsrKyz3FlSklBRErGmMqe\nm16Orjg6b9tesGABt912G+vWrePGG2+MriW44447uPnmm9m6dSvvec972LVrF5dddhkPP/wwlZWV\nnH/++SxbtixvcSVTUhCRklFbVUvVsCqaW5q7PN7c0kzVsCpqq2r7vO5zzjmHJUuWsGvXLgB27+56\nVnLgwAEmTpxIW1sbixcvjh5/6aWXmD17NjfddBNVVVVs3bqVLVu2cMIJJ/DZz36WCy+8kOeee67P\ncWVKSUFESkb5oHIWzllIZXklDXsboltleSUL5yykfFDfB2SefPLJ3HDDDZx55pnMnDmTz3/+812e\n/8Y3vsHs2bOZO3cu73znO6PHr7vuOqZPn860adM4/fTTmTlzJg8++CDTpk1j1qxZrF+/PhptdOml\nl3Laaafx5z//merq6qhfIpeKbo7muro61yQ7IpJo06ZN1Namf5Tf1tHG5ubN7Dm0h6Mrjqa2qjar\nhFBoUu0PM1vt7nW9vbYg9oKZlQGrgG3ufkHc8YjIwDa4bDDTJ0yPO4yCVCjNR9cAfR8LJiIiORF7\nUjCzauD9wN1xxyIiUupiTwpAPfBF4HB3C5jZVWa2ysxWNTU1dbeYiIhkKdakYGYXAH9x99U9Lefu\nd7p7nbvXVVVV9VN0IiKlJ+4zhbnAB82sAbgfOMfM7o03JBGR0hVrUnD3r7h7tbvXAJcAy9z98jhj\nEhHJlVyWzt66dStnn302U6dO5eSTT35LbaVciftMQUQkHgcPwo9+BPv2xR1JWsrLy/ne977Hxo0b\nWbFiBbfffjsbN27M+XYKJim4+5O6RkFE+s3KlfDIIxBWJs2FfJbOnjhxIu9+97sBGDlyJLW1tWzb\nti1nsXcqmKQgItJvOjqChDBlCjzxBGzdmvUq+7N0dkNDA8888wyzZ8/OOu5kSgoiUno2b4bmZhg9\nGior4b77IMuSP/1VOvv111/n4osvpr6+nlGjRmUVcypKCiJSepYuheHDg7/Hj4f16yHPlUhzUTq7\nra2Niy++mI9+9KNcdNFFeYlTSUFESsv27UESCI/oMYOxY+Gee+DNN/u82nyXznZ3Pv7xj1NbW/uW\nCqy5pKQgIqVl+XIoKwuSQafRo6GpKXiuj/JdOvvpp5/mnnvuYdmyZcyaNYtZs2bx6KOP9jne7qh0\ntogUvYxKZ99yS3CmkMqsWbBwYe4Ci0nRl84WEek3X/hC3BEUNDUfiYhIRElBRAaEYmsKz5ds94OS\ngogUvYqKCnbt2lXyicHd2bVrFxUVFX1eh/oURKToVVdX09jYiOZbCRJk8hXQmVBSEJGiN3jwYCZP\nnhx3GAOCmo9ERCSipCAiIhElBRERiSgpiIhIRElBREQiSgoiIhJRUhARkYiSgoiIRJQUREQkoqQg\nIiIRJQUREYkoKYiISERJQUREIkoKIiISUVIQEZGIkoKIiESUFEREJKKkICIiESUFERGJKCmIiEhE\nSUFERCJKCiIiEok1KZjZsWb2n2a20cw2mNk1ccYjIlLqymPefjtwrbuvMbORwGoze9zdN8Ycl4hI\nSYr1TMHdt7v7mvDvA8AmYFKcMYmIlLKC6VMwsxrgXcCf4o1ERKR0FURSMLMRwL8DC919f4rnrzKz\nVWa2qqmpqf8DFBEpEXH3KWBmgwkSwmJ3/49Uy7j7ncCdAHV1dd6P4UlM2jra2Ny8md2tuxlTOYba\nqlrKB2X+dc3VekRKRaz/O8zMgB8Dm9z9+3HGIoVj2/5t1K+op6nlyFlh1bAqFs5ZyKRR6Xc55Wo9\nIqUk7uajucAVwDlm9mx4Oz/mmCRGbR1t1K+op7W9lZqjaqJba3sr9SvqaT/c3q/rESk1cY8++oO7\nm7vPcPdZ4e3ROGOSeG1u3kxTSxPjho3r8vi4YePYt/s1dnzvJti3L6v1NLU0salpU07jFhko4j5T\nEOlid+vubp+reaGZiseegIcfzmo9AHsO7ck4NpFSoKQgBWVM5ZiUj1vHYWatbsRPmAxPPAFbt/Zp\nPZ2Orji6zzGKDGRKClJQaqtqqRpWRXNLc5fHy55/gaqDxtiJJ0BlJdx3H3j3A9G6W09zSzNVw6qo\nrarNS/wixU5JQQpK+aByFs5ZSGV5JQ17G6LbzGe2U1vzHgbZIBg/Htavh+eey3g9leWVLJyzUMNS\nRbph3sPRViGqq6vzVatWxR2G5Fnn9QV7Du2hal87J33vZwyqqQGzYIF9+6CsDBYtgiFD0lrP0RVH\n6zoFKVlmttrd63pbTv87pCANLhvM9AnTgzv33w/l5UcSAsDo0fDyy7B8ObzvfemtR0R6paQgha+x\nETo6oKGh6+NmsGFDj0lBRDKjpCCF7wtfiDsCkZKhjmYREYkoKYiISETNR1LyVElV5Ah986Wk5buS\nqhKOFBt9O6VkJVdS7dTc0kz9inq+Of+bWf2Aq3S3FCP1KUjJymclVZXulmKlpCAlK5+VVFW6W4qV\nkoKUrHxWUlXpbilWSgpSsvJZSVWlu6VYKSlIycpnJdVcJ5y2jjbW7VzH8oblrNu5Tn0Skjeqkiol\nL1+VVHM1+kijmCQX0q2SqqQgkksHD8K998Ill8Do0VknnLaONq5/4npa21u7dFo3tzRTWV6Z9bBZ\nKR3pJoW0mo/M7DtmNsrMBpvZE2bWZGaXZx+myACzciU88kg0j3Rn6e55x89j+oTpGf+AaxST9Ld0\n+xTOdff9wAVAAzAFuC5fQYkUpY6OICFMmZLWPNLp0Cgm6W/pJoXOw5v3A0vcfV+e4pGB5uBB+NGP\ngpnSBrrNm6G5OZgAKI15pNOhUUzS39JNCo+Y2WbgPcATZlYFHMpfWDJgJDWnDGhLl8Lw4cHfacwj\nnY58DpsVSSWtpODuXwZOB+rcvQ1oAS7MZ2AyAOShOSUT/TqMc/v2IAmMC9v+zWDsWLjnHnjzzT6v\nNp/DZkVSSesbZWbDgE8DxwFXAW8DTgIeyV9oUvQ6m1NqauDQoaA55brrus61nCf9Poxz+XIoK+vT\nPNK9mTRqEoveu6jHUUyqxiq5ku635qfAaoKzBYBtwBKUFKQn3TWnzJyZ183mu/ppSnmeR7pzFFMq\nuo5Bcind/xlvd/e/NbNLAdy9xawfDvekeHU2pxx/fHA/sTmlthaGDMnbpjuHcSYmBAiGcTbsbWBT\n06Zuf2D7LKZ5pGNJgDKgpdvR/KaZVQIOYGZvB97IW1RS/LprTmlqCp7Lo1IaxqnrGCTX0j2EuBH4\nLXCsmS0G5gIL8hWUDAB5bk7pSSkN4yylBCj9I62k4O6Pm9kaYA5gwDXu3tzLy6SUxdScAl2HcSaX\nhhhowzgzTYDqkJbepDv6aF7454Hw36lmhrs/lZ+wJCeS6vCUis5hnPUr6mnY2xA93tn5OpB+BJMT\nYMfhDppbmtnx+g5GV4zmxLEnRsuqQ1rSkVZBPDP7dcLdCuBUYLW7n5OvwLqjgnhpOngQvvpV2LgR\nLrsMrrgi7oj6Xb6qnxaazh/7V/a9woa/bOCNjjcYWjaUqeOnUjO6hoVzFjJ++HgV1itx6RbES7f5\n6ANJKz8WqO9jbNIfVqyAX/7yyIVjZ50Fxx4bd1T9qqdhnAPJpFGT+PpZX+fTv/k0J407iQnDJ1A1\nvIpBNigahXTZ9Mv6f0SWFKW+TrLTCAychtmBpqMjGPo5dCjs3Bncz6QOTynVKxogXtrzEhjMmDCD\nCSMmMMiC/9qdo5Ce3fFsj69Xh7R0SrdP4Z8Jh6MSJJJZwJpcBGBm5wG3AmXA3e7+rVyst6Rt3hxc\nIzB8eJAItm8PRv2ke+FYZ72iYcN6b3Yq0X6LQtPbKKTeDKQRWZKddBsRExvx24H73P3pbDduZmXA\n7cD7CM4+VprZw+6+Mdt1l7QHHoDXX4cJE4L7TU1wzDHpXTiWXK+ot2anIk0giaNwRg4diWHsf2N/\n0Y7I6W0U0qxjZrGxaWNJjMiS7KTbp/CzPG3/VOBFd98CYGb3ExTaU1Loq+3bg4vDKiuPXDhWWQlb\ntgR/91aHJ5N6RflMIKF8DKFMHIXT0tbCxqaNuDtTx09l+ODhRTkip7dhuNMnTGfh8NIYkSXZ6fGb\nYGbrONJs1OUpwN19RpbbnwQkls5sBGaniOMqgkJ8HHfccZlvpYCOUPNu+XJobQ2ajfbuPfL4gQMw\nYkTvF45lUq8onwmErj/eQw61cfryLTx47in8n/d+qc8/2IllIY4ddSxPvPwEwwYPi7Y3/4T57G7d\nXXQlItIZhptOYT2R3r4NF/RLFL1w9zuBOyEYkprxCvpwhFq0Ghth6tTUz82aBQsXdv/aTOsV5SuB\n8NaaPsc/28Bpa3dhwzdRP7zvP9iJdZF2vr6TlrYWjqo4CoC9h/bSdLCJCSMmFOWInHR+9EtlRJb0\nXY//q9z9lTxvfxuQeLhYHT6WO304Qi1q2VxJnEn553wmELr+eFvHYd7xx+fZ/bYxzFjfxNp39v0H\nO7FDtrW9teuTDofaj8wdVYwjcvSjL9lKa0iqmc0xs5Vm9rqZvWlmHWa2PwfbXwmcaGaTzWwIcAmQ\n2ym68jBF4oCVWK8o8dZZryhRJgXv+jABTeKP97hXmxm2r4U3RlTQNrSc2U9tYU8fR9skdshWlld2\nfdKgorwiuqsROVKK0j3/vo3gB3sJUAd8DHhHtht393Yzuxp4jGBI6k/cfUMvL8tMTDX9i1ImZxmZ\nFLzrwwQ0iT/eU/7nRdoqBgPQctRwJr3ayIQtTVCTfridEjtkq4ZXMWzwMFraWgAYNngYVcOrNCJH\nSlrajbLu/qKZlbl7B/BTM3sG+Eq2Abj7o8Cj2a4npRhr+g946SaQgwfhoYeCfZ1BxdTOH+83G19h\n/Mt/Yd+EYIBAS3srw48+ihN+89/wVx/M+DNM7JB9dd+rTBo1iU1Nm6LRR6/uezWjETkqMCcDTbrf\n3paweedZM/sOsJ2+Xw3df/I4RaKkaeVKeOMNuPDCjDr5O3+8//Obn2R/+0H2hrN3DBs8jHed9FeU\nvbarz59hcofsiCEjMIwDbx7IaESOCszJQJRuUriCIAlcDXyOoHP44nwFlTMx1vQXsu7knzRqEpeM\nOYMDY8t4oz0o8jZ60GgGbd+d9WeYbYesZjyTgSrdb+17gN+4+37g63mMJ7dirOkvZDwMNZXy675E\nIXb3xjLlp0g/SLcJ6APA82Z2j5ldYGY6BBpI8lUAr7tO/mwVQME+zXgmA1VaScHd/x6YQjD66FLg\nJTO7O5+BST/qvLjv4RyOBu7DMNS0ZRhvW0cb63auY3nDctbtXEf74fbstk9pTfkppSWT0UdtZraU\noOxFJfC/gU/kKzDpJ/m6uC9fnfwZxpuvzuBSmvJTSku6F6/9tZn9K/ACQQfz3cAxeYxL+ku+Lu7L\n5EK4BL0e1WcQb3JncOettb2V+hX1WZ0xdI6OqiyvpGFvQ3SrLK9UgTkpaul+cz8GPAB80t3fyGM8\n0t/ydXFfHzr50zqqzyDefHcGq8CcDETp9ilc6u6/7C4hmNkfcxuW9It8tvtnKK2j+gzj7Y/O4M6h\nrfOOn8f0CdOVEKTo5eoCtIreF5GCk0n9ojzrPKpPbJ+HI9NJbmralHG86gwWyVyuDmtUYa4YFdDF\nfWkd1WcYrzqDRTKnc91Slu3FfTmcvCito/oM401n4plCoRpKUijS+taZ2f8F7nX37hph079EVQaO\nHE5elHhUP9FGMeP361h/9slsG/R6Vkf1hdoZnJgE2g63sfSFpexq3RU9rxpKEpd0/2dMAFaa2Rrg\nJ8Bj7l3GAQ7w6czkLXJ8fUPiUb39aTXVT23ktY697D5/TtZH9YU28UziKKvDhw+zZscaBg8azNmT\nz2bU0FGAaihJfNIdffSPwInAj4EFwAtmtsjM3h4+vz5vEUphysP1DZNGTWLRWd/gH7ZPpGr6HD68\nfQzfPOnTA+poOXmU1fAhwykfVM7gssGsaFzBYT8MJHWwi/SjtEcfhWcGO8JbO3A08FBYSltKTZ7q\nGg1+4SWqWqD6uJMZM+ZtlD+wJH8z5cVQQyl5lFXnlKCdk/00HWzqsrxqKEl/S/eK5mvMbDXwHeBp\nYLq7f4qgemrhl9CW3Mrn9Q35KqKXSh9rPmVTSyl5lFWXKUGT5oiGwhw2m49aUlI40m2sHANc5O6v\nJD7o7ofN7ILchyUFLV91jfpzprw+9olkW0speZRVlylBE+aILtRhs5pYaOBLt0/hxuSEkPCcGj1L\nTR/rGvWqPy+m60OfSC5qKSWOsgIYZIOYUz2Hto422jraONh2sGBrKOWzlpQUjsL5xknxyNfkRf15\nMV0faj7lopZSd9dOnD35bM6fcj5DyocUzLDZZJpYqDQU1rdOStfBgzByJNx6a9YXwvWqj81Uuaql\nVKjXTvRGEwuVhsL+FkrpyOGFcL3qY59ILmspFdq1E+lQLanSkKuCeFIqsh3Gmer1yZ2+W7fmJtbu\n9LFPJLk/oFOhdgrnWqm//1KhMwXJTLZH9Kle39npW1MDhw4Fnb7XXdf1SD6X+tgnUky1lPKh1N9/\nqdCnKOnLtrRFd6/P10Q/eVCs/QG5UurvvxSo+UjSl21pi1Svf+21rhfCtbXBtm1w9939PtFPukp9\nYp1Sf/8DnZKCpC/bq41Tvf6ee7p2+r72WtCn8Mwz/T7Rj4goKUi6si1t0d3rH300eH1DA2zZEvQ5\nlJfDjh3w9NN5ezsikprO+yQ92Za26O71NTVw+eXB6zdsgO9+N3hs586gM9o9fx3OA4Am55Fc07dH\n0pPt1cbpvL6IOpwLgeoQST6Y56sscZ7U1dX5qlWr4g5Dcm37dvjKV4KrjDvPDPbtC84uFi3KbTG8\nAaCto43rn7ie1vbWt8w/XVleqcl55C3MbLW71/W2nPoUpDD0ZzG8ASB5XoZOmpxHsqVDCSkM/VkM\nbwBQHSLJFyUFKQz5qrw6QKkOkeRLbM1HZvZdM9tsZs+Z2S/M7Ki4YhEpNqpDJPkSZ5/C48A0d58B\nPA98JcZYRIpKZx2iyvJKGvY2RLdCnJxHikts3xx3/13C3RXAh+KKRaQYqQ6R5EOhfHuuBB6IOwiR\nYlOM8zJIYctrUjCz3wPHpHjqBnf/VbjMDUA7sLiH9VwFXAVw3HHH5SFSERGBPCcFd5/f0/NmtgC4\nAHiv93AVnbvfCdwJwcVruYxRRESOiK35yMzOA74InOnuLXHFISIiR8Q5+ug2YCTwuJk9a2Z3xBiL\niIgQ7+gqX8AjAAAGnUlEQVSjKXFtW0REUlPtIxERiSgpiIhIRElBREQiSgoiIhJRUhARkYiSgoiI\nRJQUREQkoqQgIiIRJQUREYkoKYiISERJQUREIkoKIiISUVIQEZGIkoKIiESUFEREJKKkICIiESUF\nERGJKCmIiEhESUFERCJKCiIiElFSEBGRiJKCiIhElBRERCSipCAiIhElBRERiSgpiIhIRElBREQi\nSgoiIhJRUhARkYiSgoiIRJQUREQkoqQgIiIRJQUREYkoKYiISERJQUREIrEnBTO71szczMbFHYuI\nSKmLNSmY2bHAucCrccYhIiKBuM8UfgB8EfCY4xAREWJMCmZ2IbDN3demsexVZrbKzFY1NTX1Q3Qi\nIqWpPJ8rN7PfA8ekeOoG4HqCpqNeufudwJ0AdXV1OqsQEcmTvCYFd5+f6nEzmw5MBtaaGUA1sMbM\nTnX3HfmMSUREupfXpNAdd18HjO+8b2YNQJ27N8cRj4iIBOLuaBYRkQISy5lCMneviTsGERHRmYKI\niCRQUhARkYiSgoiIRJQUREQkoqQgIiIRJQUREYkoKYiISERJQUREIkoKIiISUVIQEZGIkoKIiESU\nFEREJKKkICIiESUFERGJKCmIiEhESUFERCLm7nHHkBEzawJeiTmMcYCmDg1oXxyhfXGE9sURhbIv\njnf3qt4WKrqkUAjMbJW718UdRyHQvjhC++II7Ysjim1fqPlIREQiSgoiIhJRUuibO+MOoIBoXxyh\nfXGE9sURRbUv1KcgIiIRnSmIiEhESUFERCJKClkys2vNzM1sXNyxxMXMvmtmm83sOTP7hZkdFXdM\n/c3MzjOzP5vZi2b25bjjiYuZHWtm/2lmG81sg5ldE3dMcTKzMjN7xsweiTuWdCkpZMHMjgXOBV6N\nO5aYPQ5Mc/cZwPPAV2KOp1+ZWRlwO/DXwFTgUjObGm9UsWkHrnX3qcAc4DMlvC8ArgE2xR1EJpQU\nsvMD4ItASffWu/vv3L09vLsCqI4znhicCrzo7lvc/U3gfuDCmGOKhbtvd/c14d8HCH4QJ8UbVTzM\nrBp4P3B33LFkQkmhj8zsQmCbu6+NO5YCcyWwNO4g+tkkYGvC/UZK9IcwkZnVAO8C/hRvJLGpJzho\nPBx3IJkojzuAQmZmvweOSfHUDcD1BE1HJaGnfeHuvwqXuYGg+WBxf8YmhcfMRgD/Dix09/1xx9Pf\nzOwC4C/uvtrMzoo7nkwoKfTA3eenetzMpgOTgbVmBkFzyRozO9Xdd/RjiP2mu33RycwWABcA7/XS\nu/hlG3Bswv3q8LGSZGaDCRLCYnf/j7jjiclc4INmdj5QAYwys3vd/fKY4+qVLl7LATNrAOrcvRAq\nIfY7MzsP+D5wprs3xR1PfzOzcoIO9vcSJIOVwGXuviHWwGJgwVHSz4Dd7r4w7ngKQXim8AV3vyDu\nWNKhPgXJhduAkcDjZvasmd0Rd0D9Kexkvxp4jKBj9cFSTAihucAVwDnhd+HZ8GhZioTOFEREJKIz\nBRERiSgpiIhIRElBREQiSgoiIhJRUhARkYiSgoiIRJQURHLIzGrMbH3ccYj0lZKCiIhElBSkJJnZ\nKeGkQBVmNjycEGZaiuXuN7P3J9z/VzP7UHhG8F9mtia8nZ7itQvM7LaE+490Fkczs3PN7I/ha5eE\nBeQws2+FE9Q8Z2a35OXNi/RABfGkJLn7SjN7GLgZqATudfdUzT4PAB8BfmNmQwjqG30KMOB97n7I\nzE4E7gPq0tl2OEvfPwLz3f2gmX0J+LyZ3Q78DfBOd/dSnMFO4qekIKXsJoLidYeAz3azzFLgVjMb\nCpwHPOXurWY2GrjNzGYBHcA7MtjuHIIZ2p4Oq+wOAf4I7Atj+XE4fWPRTOEoA4eSgpSyscAIYDBB\neeODyQuEZwJPAv8L+FuCWdUAPgfsBGYSNMMeSrH+dro20VaE/xrwuLtfmvwCMzuV4GzkQwRF9s7J\n9E2JZEN9ClLKfgT8P4JJgb7dw3IPAH8PnAH8NnxsNLDd3Q8TVAUtS/G6BmCWmQ0K5/M+NXx8BTDX\nzKYAhH0a7wj7FUa7+6MESWdmNm9OpC90piAlycw+BrS5+7+ZWRnw32Z2jrsvS7H474B7gF+FczAD\n/BD493A9vyXFWQbwNPAysJGgpHbn3MVN4aRE94XNUhD0MRwAfmVmFQRnE5/PwVsVyYhKZ4uISETN\nRyIiElHzkQjRvNv3JD38hrvPjiMekbio+UhERCJqPhIRkYiSgoiIRJQUREQkoqQgIiKR/w96NhAZ\nu3yCWwAAAABJRU5ErkJggg==\n",
      "text/plain": [
       "<matplotlib.figure.Figure at 0x10d6e85d0>"
      ]
     },
     "metadata": {},
     "output_type": "display_data"
    }
   ],
   "source": [
    "#plotting\n",
    "from matplotlib import pyplot as plt\n",
    "\n",
    "plt.plot(transformed[0,0:20], transformed[1,0:20],\n",
    "         'o', markersize=7, color='green', alpha=0.5, label='class1')\n",
    "plt.plot(transformed[0,20:40], transformed[1,20:40],\n",
    "         '^', markersize=7, color='red', alpha=0.5, label='class2')\n",
    "plt.xlim([-5,5])\n",
    "plt.ylim([-5,5])\n",
    "plt.xlabel('x_values')\n",
    "plt.ylabel('y_values')\n",
    "plt.legend()\n",
    "plt.title('Transformed samples with class labels')\n",
    "\n",
    "plt.show()"
   ]
  },
  {
   "cell_type": "code",
   "execution_count": null,
   "metadata": {
    "collapsed": true
   },
   "outputs": [],
   "source": []
  }
 ],
 "metadata": {
  "kernelspec": {
   "display_name": "Python 2",
   "language": "python",
   "name": "python2"
  },
  "language_info": {
   "codemirror_mode": {
    "name": "ipython",
    "version": 2
   },
   "file_extension": ".py",
   "mimetype": "text/x-python",
   "name": "python",
   "nbconvert_exporter": "python",
   "pygments_lexer": "ipython2",
   "version": "2.7.13"
  }
 },
 "nbformat": 4,
 "nbformat_minor": 2
}
